0.000000000000000000e+00
1.001430615164520810e-01
2.002861230329041620e-01
3.004291845493562430e-01
4.005722460658083239e-01
5.007153075822603494e-01
6.008583690987124859e-01
7.010014306151646224e-01
8.011444921316166479e-01
9.012875536480686733e-01
1.001430615164520699e+00
1.101573676680972946e+00
1.201716738197424972e+00
1.301859799713876997e+00
1.402002861230329245e+00
1.502145922746781270e+00
1.602288984263233296e+00
1.702432045779685321e+00
1.802575107296137347e+00
1.902718168812589594e+00
2.002861230329041398e+00
2.103004291845493867e+00
2.203147353361945893e+00
2.303290414878397918e+00
2.403433476394849944e+00
2.503576537911301969e+00
2.603719599427753995e+00
2.703862660944206020e+00
2.804005722460658490e+00
2.904148783977110515e+00
3.004291845493562541e+00
3.104434907010014566e+00
3.204577968526466591e+00
3.304721030042918617e+00
3.404864091559370642e+00
3.505007153075822668e+00
3.605150214592274693e+00
3.705293276108727163e+00
3.805436337625179188e+00
3.905579399141631214e+00
4.005722460658082795e+00
4.105865522174535265e+00
4.206008583690987734e+00
4.306151645207439316e+00
4.406294706723891785e+00
4.506437768240343367e+00
4.606580829756795836e+00
4.706723891273247418e+00
4.806866952789699887e+00
4.907010014306152357e+00
5.007153075822603938e+00
5.107296137339056408e+00
5.207439198855507989e+00
5.307582260371960459e+00
5.407725321888412040e+00
5.507868383404864510e+00
5.608011444921316979e+00
5.708154506437768561e+00
5.808297567954221030e+00
5.908440629470672611e+00
6.008583690987125081e+00
6.108726752503576662e+00
6.208869814020029132e+00
6.309012875536480713e+00
6.409155937052933183e+00
6.509298998569385653e+00
6.609442060085837234e+00
6.709585121602289703e+00
6.809728183118741285e+00
6.909871244635193754e+00
7.010014306151645336e+00
7.110157367668097805e+00
7.210300429184549387e+00
7.310443490701001856e+00
7.410586552217454326e+00
7.510729613733905907e+00
7.610872675250358377e+00
7.711015736766809958e+00
7.811158798283262428e+00
7.911301859799714009e+00
8.011444921316165590e+00
8.111587982832618948e+00
8.211731044349070530e+00
8.311874105865522111e+00
8.412017167381975469e+00
8.512160228898427050e+00
8.612303290414878632e+00
8.712446351931330213e+00
8.812589413447783571e+00
8.912732474964235152e+00
9.012875536480686733e+00
9.113018597997140091e+00
9.213161659513591673e+00
9.313304721030043254e+00
9.413447782546494835e+00
9.513590844062948193e+00
9.613733905579399774e+00
9.713876967095851356e+00
9.814020028612304714e+00
9.914163090128756295e+00
1.001430615164520788e+01
1.011444921316165946e+01
1.021459227467811282e+01
1.031473533619456440e+01
1.041487839771101598e+01
1.051502145922746934e+01
1.061516452074392092e+01
1.071530758226037250e+01
1.081545064377682408e+01
1.091559370529327744e+01
1.101573676680972902e+01
1.111587982832618060e+01
1.121602288984263396e+01
1.131616595135908554e+01
1.141630901287553712e+01
1.151645207439198870e+01
1.161659513590844206e+01
1.171673819742489364e+01
1.181688125894134522e+01
1.191702432045779680e+01
1.201716738197425016e+01
1.211731044349070174e+01
1.221745350500715332e+01
1.231759656652360668e+01
1.241773962804005826e+01
1.251788268955650985e+01
1.261802575107296143e+01
1.271816881258941478e+01
1.281831187410586637e+01
1.291845493562231795e+01
1.301859799713877131e+01
1.311874105865522289e+01
1.321888412017167447e+01
1.331902718168812605e+01
1.341917024320457941e+01
1.351931330472103099e+01
1.361945636623748257e+01
1.371959942775393593e+01
1.381974248927038751e+01
1.391988555078683909e+01
1.402002861230329067e+01
1.412017167381974403e+01
1.422031473533619561e+01
1.432045779685264719e+01
1.442060085836909877e+01
1.452074391988555213e+01
1.462088698140200371e+01
1.472103004291845529e+01
1.482117310443490865e+01
1.492131616595136023e+01
1.502145922746781181e+01
1.512160228898426340e+01
1.522174535050071675e+01
1.532188841201716833e+01
1.542203147353361992e+01
1.552217453505007327e+01
1.562231759656652486e+01
1.572246065808297644e+01
1.582260371959942802e+01
1.592274678111588138e+01
1.602288984263233118e+01
1.612303290414878632e+01
1.622317596566523790e+01
1.632331902718168948e+01
1.642346208869814106e+01
1.652360515021459264e+01
1.662374821173104422e+01
1.672389127324749580e+01
1.682403433476395094e+01
1.692417739628040252e+01
1.702432045779685410e+01
1.712446351931330568e+01
1.722460658082975726e+01
1.732474964234620884e+01
1.742489270386266043e+01
1.752503576537911556e+01
1.762517882689556714e+01
1.772532188841201872e+01
1.782546494992847030e+01
1.792560801144492189e+01
1.802575107296137347e+01
1.812589413447782505e+01
1.822603719599428018e+01
1.832618025751073176e+01
1.842632331902718335e+01
1.852646638054363493e+01
1.862660944206008651e+01
1.872675250357653809e+01
1.882689556509298967e+01
1.892703862660944480e+01
1.902718168812589639e+01
1.912732474964234797e+01
1.922746781115879955e+01
1.932761087267525113e+01
1.942775393419170271e+01
1.952789699570815429e+01
1.962804005722460943e+01
1.972818311874106101e+01
1.982832618025751259e+01
1.992846924177396417e+01
2.002861230329041575e+01
2.012875536480686733e+01
2.022889842632331892e+01
2.032904148783977405e+01
2.042918454935622563e+01
2.052932761087267721e+01
2.062947067238912879e+01
2.072961373390558037e+01
2.082975679542203196e+01
2.092989985693848354e+01
2.103004291845493867e+01
2.113018597997139025e+01
2.123032904148784183e+01
2.133047210300429342e+01
2.143061516452074500e+01
2.153075822603719658e+01
2.163090128755364816e+01
2.173104434907010329e+01
2.183118741058655488e+01
2.193133047210300646e+01
2.203147353361945804e+01
2.213161659513590962e+01
2.223175965665236120e+01
2.233190271816881278e+01
2.243204577968526792e+01
2.253218884120171950e+01
2.263233190271817108e+01
2.273247496423462266e+01
2.283261802575107424e+01
2.293276108726752582e+01
2.303290414878397740e+01
2.313304721030042899e+01
2.323319027181688412e+01
2.333333333333333570e+01
2.343347639484978728e+01
2.353361945636623886e+01
2.363376251788269045e+01
2.373390557939914203e+01
2.383404864091559361e+01
2.393419170243204874e+01
2.403433476394850032e+01
2.413447782546495191e+01
2.423462088698140349e+01
2.433476394849785507e+01
2.443490701001430665e+01
2.453505007153075823e+01
2.463519313304721337e+01
2.473533619456366495e+01
2.483547925608011653e+01
2.493562231759656811e+01
2.503576537911301969e+01
2.513590844062947127e+01
2.523605150214592285e+01
2.533619456366237799e+01
2.543633762517882957e+01
2.553648068669528115e+01
2.563662374821173273e+01
2.573676680972818431e+01
2.583690987124463589e+01
2.593705293276108748e+01
2.603719599427754261e+01
2.613733905579399419e+01
2.623748211731044577e+01
2.633762517882689735e+01
2.643776824034334894e+01
2.653791130185980052e+01
2.663805436337625210e+01
2.673819742489270723e+01
2.683834048640915881e+01
2.693848354792561040e+01
2.703862660944206198e+01
2.713876967095851356e+01
2.723891273247496514e+01
2.733905579399141672e+01
2.743919885550787185e+01
2.753934191702432344e+01
2.763948497854077502e+01
2.773962804005722660e+01
2.783977110157367818e+01
2.793991416309012976e+01
2.804005722460658134e+01
2.814020028612303648e+01
2.824034334763948806e+01
2.834048640915593964e+01
2.844062947067239122e+01
2.854077253218884280e+01
2.864091559370529438e+01
2.874105865522174597e+01
2.884120171673819755e+01
2.894134477825465268e+01
2.904148783977110426e+01
2.914163090128755584e+01
2.924177396280400743e+01
2.934191702432045901e+01
2.944206008583691059e+01
2.954220314735336217e+01
2.964234620886981730e+01
2.974248927038626888e+01
2.984263233190272047e+01
2.994277539341917205e+01
3.004291845493562363e+01
3.014306151645207521e+01
3.024320457796852679e+01
3.034334763948498193e+01
3.044349070100143351e+01
3.054363376251788509e+01
3.064377682403433667e+01
3.074391988555078825e+01
3.084406294706723983e+01
3.094420600858369141e+01
3.104434907010014655e+01
3.114449213161659813e+01
3.124463519313304971e+01
3.134477825464950129e+01
3.144492131616595287e+01
3.154506437768240446e+01
3.164520743919885604e+01
3.174535050071531117e+01
3.184549356223176275e+01
3.194563662374821433e+01
3.204577968526466236e+01
3.214592274678111750e+01
3.224606580829757263e+01
3.234620886981402066e+01
3.244635193133047579e+01
3.254649499284692382e+01
3.264663805436337896e+01
3.274678111587982698e+01
3.284692417739628212e+01
3.294706723891273725e+01
3.304721030042918528e+01
3.314735336194564042e+01
3.324749642346208844e+01
3.334763948497854358e+01
3.344778254649499161e+01
3.354792560801144674e+01
3.364806866952790187e+01
3.374821173104434990e+01
3.384835479256080504e+01
3.394849785407725307e+01
3.404864091559370820e+01
3.414878397711015623e+01
3.424892703862661136e+01
3.434907010014306650e+01
3.444921316165951453e+01
3.454935622317596966e+01
3.464949928469241769e+01
3.474964234620887282e+01
3.484978540772532085e+01
3.494992846924177599e+01
3.505007153075823112e+01
3.515021459227467915e+01
3.525035765379113428e+01
3.535050071530758231e+01
3.545064377682403745e+01
3.555078683834048547e+01
3.565092989985694061e+01
3.575107296137339574e+01
3.585121602288984377e+01
3.595135908440629890e+01
3.605150214592274693e+01
3.615164520743920207e+01
3.625178826895565010e+01
3.635193133047210523e+01
3.645207439198856036e+01
3.655221745350500839e+01
3.665236051502146353e+01
3.675250357653791156e+01
3.685264663805436669e+01
3.695278969957081472e+01
3.705293276108726985e+01
3.715307582260372499e+01
3.725321888412017302e+01
3.735336194563662815e+01
3.745350500715307618e+01
3.755364806866953131e+01
3.765379113018597934e+01
3.775393419170243448e+01
3.785407725321888961e+01
3.795422031473533764e+01
3.805436337625179277e+01
3.815450643776824080e+01
3.825464949928469593e+01
3.835479256080114396e+01
3.845493562231759910e+01
3.855507868383405423e+01
3.865522174535050226e+01
3.875536480686695739e+01
3.885550786838340542e+01
3.895565092989986056e+01
3.905579399141630859e+01
3.915593705293276372e+01
3.925608011444921885e+01
3.935622317596566688e+01
3.945636623748212202e+01
3.955650929899857005e+01
3.965665236051502518e+01
3.975679542203147321e+01
3.985693848354792834e+01
3.995708154506438348e+01
4.005722460658083151e+01
4.015736766809728664e+01
4.025751072961373467e+01
4.035765379113018980e+01
4.045779685264663783e+01
4.055793991416309296e+01
4.065808297567954810e+01
4.075822603719599613e+01
4.085836909871245126e+01
4.095851216022889929e+01
4.105865522174535442e+01
4.115879828326180245e+01
4.125894134477825759e+01
4.135908440629471272e+01
4.145922746781116075e+01
4.155937052932761588e+01
4.165951359084406391e+01
4.175965665236051905e+01
4.185979971387696708e+01
4.195994277539342221e+01
4.206008583690987734e+01
4.216022889842632537e+01
4.226037195994278051e+01
4.236051502145922854e+01
4.246065808297568367e+01
4.256080114449213170e+01
4.266094420600858683e+01
4.276108726752504197e+01
4.286123032904148999e+01
4.296137339055794513e+01
4.306151645207439316e+01
4.316165951359084829e+01
4.326180257510729632e+01
4.336194563662375145e+01
4.346208869814020659e+01
4.356223175965665462e+01
4.366237482117310975e+01
4.376251788268955778e+01
4.386266094420601291e+01
4.396280400572246094e+01
4.406294706723891608e+01
4.416309012875537121e+01
4.426323319027181924e+01
4.436337625178827437e+01
4.446351931330472240e+01
4.456366237482117754e+01
4.466380543633762557e+01
4.476394849785408070e+01
4.486409155937053583e+01
4.496423462088698386e+01
4.506437768240343900e+01
4.516452074391988702e+01
4.526466380543634216e+01
4.536480686695279019e+01
4.546494992846924532e+01
4.556509298998569335e+01
4.566523605150214848e+01
4.576537911301860362e+01
4.586552217453505165e+01
4.596566523605150678e+01
4.606580829756795481e+01
4.616595135908440994e+01
4.626609442060085797e+01
4.636623748211731311e+01
4.646638054363376824e+01
4.656652360515021627e+01
4.666666666666667140e+01
4.676680972818311943e+01
4.686695278969957457e+01
4.696709585121602260e+01
4.706723891273247773e+01
4.716738197424893286e+01
4.726752503576538089e+01
4.736766809728183603e+01
4.746781115879828405e+01
4.756795422031473919e+01
4.766809728183118722e+01
4.776824034334764235e+01
4.786838340486409749e+01
4.796852646638054551e+01
4.806866952789700065e+01
4.816881258941344868e+01
4.826895565092990381e+01
4.836909871244635184e+01
4.846924177396280697e+01
4.856938483547926211e+01
4.866952789699571014e+01
4.876967095851216527e+01
4.886981402002861330e+01
4.896995708154506843e+01
4.907010014306151646e+01
4.917024320457797160e+01
4.927038626609442673e+01
4.937052932761087476e+01
4.947067238912732989e+01
4.957081545064377792e+01
4.967095851216023306e+01
4.977110157367668108e+01
4.987124463519313622e+01
4.997138769670959135e+01
5.007153075822603938e+01
5.017167381974249452e+01
5.027181688125894254e+01
5.037195994277539768e+01
5.047210300429184571e+01
5.057224606580830084e+01
5.067238912732475598e+01
5.077253218884120400e+01
5.087267525035765914e+01
5.097281831187410717e+01
5.107296137339056230e+01
5.117310443490701033e+01
5.127324749642346546e+01
5.137339055793992060e+01
5.147353361945636863e+01
5.157367668097282376e+01
5.167381974248927179e+01
5.177396280400572692e+01
5.187410586552217495e+01
5.197424892703863009e+01
5.207439198855508522e+01
5.217453505007153325e+01
5.227467811158798838e+01
5.237482117310443641e+01
5.247496423462089155e+01
5.257510729613733957e+01
5.267525035765379471e+01
5.277539341917024984e+01
5.287553648068669787e+01
5.297567954220315301e+01
5.307582260371960103e+01
5.317596566523605617e+01
5.327610872675250420e+01
5.337625178826895933e+01
5.347639484978541446e+01
5.357653791130186249e+01
5.367668097281831763e+01
5.377682403433476566e+01
5.387696709585122079e+01
5.397711015736766882e+01
5.407725321888412395e+01
5.417739628040057909e+01
5.427753934191702712e+01
5.437768240343348225e+01
5.447782546494993028e+01
5.457796852646638541e+01
5.467811158798283344e+01
5.477825464949928858e+01
5.487839771101574371e+01
5.497854077253219174e+01
5.507868383404864687e+01
5.517882689556509490e+01
5.527896995708155004e+01
5.537911301859799806e+01
5.547925608011445320e+01
5.557939914163090833e+01
5.567954220314735636e+01
5.577968526466381149e+01
5.587982832618025952e+01
5.597997138769671466e+01
5.608011444921316269e+01
5.618025751072961782e+01
5.628040057224607295e+01
5.638054363376252098e+01
5.648068669527897612e+01
5.658082975679542415e+01
5.668097281831187928e+01
5.678111587982832731e+01
5.688125894134478244e+01
5.698140200286123758e+01
5.708154506437768561e+01
5.718168812589414074e+01
5.728183118741058877e+01
5.738197424892704390e+01
5.748211731044349193e+01
5.758226037195994707e+01
5.768240343347639509e+01
5.778254649499285023e+01
5.788268955650930536e+01
5.798283261802575339e+01
5.808297567954220852e+01
5.818311874105865655e+01
5.828326180257511169e+01
5.838340486409155972e+01
5.848354792560801485e+01
5.858369098712446998e+01
5.868383404864091801e+01
5.878397711015737315e+01
5.888412017167382118e+01
5.898426323319027631e+01
5.908440629470672434e+01
5.918454935622317947e+01
5.928469241773963461e+01
5.938483547925608264e+01
5.948497854077253777e+01
5.958512160228898580e+01
5.968526466380544093e+01
5.978540772532188896e+01
5.988555078683834410e+01
5.998569384835479923e+01
6.008583690987124726e+01
6.018597997138770239e+01
6.028612303290415042e+01
6.038626609442060555e+01
6.048640915593705358e+01
6.058655221745350872e+01
6.068669527896996385e+01
6.078683834048641188e+01
6.088698140200286701e+01
6.098712446351931504e+01
6.108726752503577018e+01
6.118741058655221821e+01
6.128755364806867334e+01
6.138769670958512847e+01
6.148783977110157650e+01
6.158798283261803164e+01
6.168812589413447967e+01
6.178826895565093480e+01
6.188841201716738283e+01
6.198855507868383796e+01
6.208869814020029310e+01
6.218884120171674112e+01
6.228898426323319626e+01
6.238912732474964429e+01
6.248927038626609942e+01
6.258941344778254745e+01
6.268955650929900258e+01
6.278969957081545772e+01
6.288984263233190575e+01
6.298998569384836088e+01
6.309012875536480891e+01
6.319027181688126404e+01
6.329041487839771207e+01
6.339055793991416721e+01
6.349070100143062234e+01
6.359084406294707037e+01
6.369098712446352550e+01
6.379113018597997353e+01
6.389127324749642867e+01
6.399141630901287670e+01
6.409155937052932472e+01
6.419170243204578696e+01
6.429184549356223499e+01
6.439198855507868302e+01
6.449213161659514526e+01
6.459227467811159329e+01
6.469241773962804132e+01
6.479256080114448935e+01
6.489270386266095159e+01
6.499284692417739961e+01
6.509298998569384764e+01
6.519313304721030988e+01
6.529327610872675791e+01
6.539341917024320594e+01
6.549356223175965397e+01
6.559370529327611621e+01
6.569384835479256424e+01
6.579399141630901227e+01
6.589413447782547451e+01
6.599427753934192253e+01
6.609442060085837056e+01
6.619456366237481859e+01
6.629470672389128083e+01
6.639484978540772886e+01
6.649499284692417689e+01
6.659513590844063913e+01
6.669527896995708716e+01
6.679542203147353518e+01
6.689556509298998321e+01
6.699570815450644545e+01
6.709585121602289348e+01
6.719599427753934151e+01
6.729613733905580375e+01
6.739628040057225178e+01
6.749642346208869981e+01
6.759656652360514784e+01
6.769670958512161008e+01
6.779685264663805810e+01
6.789699570815450613e+01
6.799713876967096837e+01
6.809728183118741640e+01
6.819742489270386443e+01
6.829756795422031246e+01
6.839771101573677470e+01
6.849785407725322273e+01
6.859799713876967076e+01
6.869814020028613299e+01
6.879828326180258102e+01
6.889842632331902905e+01
6.899856938483547708e+01
6.909871244635193932e+01
6.919885550786838735e+01
6.929899856938483538e+01
6.939914163090129762e+01
6.949928469241774565e+01
6.959942775393419367e+01
6.969957081545064170e+01
6.979971387696710394e+01
6.989985693848355197e+01
7.000000000000000000e+01
